00000000000000000000000000000000000000000000000000000000
0000
0000
0222222222222002222222222220
0000
020000002000000002200000000200000020
0000000000
020020022220020020
000000000000000000000000000000
0222002220
0000
0222222222222002222222222220
0000
02000000200200000000000000200200000020
00000000000000000000000000000000
02200200200220
00000000
0222222002222002222002222220
00000000
00000200200000000200200000000200200000
00000000000000000000000000000000
020022220020
000000
0222002222222222222222002220
000000
02000000200200000000200200000020
00000000000000000000
02200200200220
00000000
0222222002002002222220
00000000
02000000200200200200000020
00000000000000000000000000000000
0200200220020020
0000000000
0222002002222222222002002220
0000000000
00000200200200000000000000200200200000
00000000000000000000000000000000
02222220
00
0222222222222222222222222220
00
02000000200000000200200000000200000020
00000000000000000000000000000000
02002200220020
00000000
0222002222222002222222002220
00000000
00000200200200000000000000200200200000
00000000000000000000000000000000
02200200200220
00000000
0222222002222002222002222220
00000000
02000000200000000200200000000200000020
00000000000000000000000000000000
02222220
00
0222222222222222222222222220
00
00000000000000000000000000000000000000000000000000000000


